10	
82	
10	
2	
16
0	1	2	3	4	5	6	7	8	9	2	6	9	1	5	0	5	2	7	1	4	8	6	2	4	0	0	3	1	4	3	1	7	7	2	7	8	7	1	3	9	3	6	7	4	7	0	2	8	5	0	0	5	8	9	0	3	6	0	3	9	9	8	7	1	4	5	6	3	9	9	3	8	6	8	5	9	2	6	1	6	1	
1	2	3	4	5	6	7	8	9	0	1	0	5	3	9	9	7	0	2	6	1	5	8	6	7	7	6	2	8	2	9	7	6	1	9	5	1	3	9	7	3	6	1	4	9	0	3	8	6	0	8	4	2	2	8	2	1	2	5	5	6	4	7	9	0	0	4	9	0	7	1	8	4	4	3	3	2	7	3	4	5	5	
100	100	100	100	100	100	100	100	100	100	27	96	48	13	41	54	73	76	41	92	34	50	22	11	72	45	18	95	13	59	50	93	78	30	25	42	35	63	66	12	97	15	59	54	32	97	13	31	34	33	73	57	36	47	70	65	20	38	61	23	98	27	39	91	78	99	42	70	47	10	65	77	80	11	49	65	81	96	74	16	97	44	
370	370	370	370	370	370	370	370	370	370	58	43	34	43	22	18	38	28	29	25	16	52	48	31	50	33	49	50	47	60	39	42	29	44	28	57	53	9	40	29	9	35	49	58	25	48	23	50	23	34	59	43	11	20	56	23	27	41	12	19	51	43	13	34	46	47	60	49	17	8	18	29	32	47	47	56	35	14	44	47	31	47	
601	601	601	601	601	601	601	601	601	601	559	289	379	445	307	247	397	145	343	343	127	301	577	241	541	379	373	109	181	529	325	367	361	259	523	343	493	229	517	295	541	541	91	289	583	247	247	73	217	91	415	421	175	409	199	517	433	361	79	481	421	433	421	313	553	511	367	91	361	109	445	535	355	85	97	175	307	403	499	421	271	157	
4	8	2	4	9	3	7	4	5	7	
3	6	1	8	2	0	8	2	8	6	
0.0625 55.9118 	12.2936 	14.9734 	21.0153 	59.2569 	52.1953 	46.4492 	67.5731 	29.3385 	48.977
0.0625 6.00814 	14.7788 	82.1778 	35.6753 	35.8634 	37.7016 	39.7662 	61.6987 	54.3014 	50.8648
0.0625 29.4837 	2.82168 	43.0062 	41.6901 	20.4529 	66.8506 	50.747 	38.7563 	52.1774 	25.0579
0.0625 42.5831 	26.8027 	65.1989 	39.9951 	26.679 	45.6983 	34.0863 	85.1488 	47.9901 	81.7112
0.0625 31.0737 	35.9351 	57.135 	32.8115 	49.5742 	84.7986 	37.6728 	56.4302 	45.5042 	83.2026
0.0625 16.2584 	37.8082 	52.675 	24.1113 	61.8714 	56.4888 	32.8374 	58.9001 	21.8262 	53.7701
0.0625 32.5762 	29.6552 	28.9183 	14.5742 	33.0159 	55.461 	36.5597 	11.5947 	50.1315 	70.9119
0.0625 35.3688 	29.2807 	24.0202 	19.2679 	30.3662 	27.6045 	31.395 	59.1516 	50.8575 	62.5575
0.0625 85.9941 	23.6822 	31.8141 	22.1559 	21.8284 	88.8723 	41.8443 	52.712 	67.825 	65.2358
0.0625 56.7582 	19.7764 	50.2001 	34.9379 	44.8243 	73.9086 	15.5771 	40.8647 	58.3683 	37.7872
0.0625 39.1535 	32.6095 	72.6501 	6.20589 	28.3848 	97.2138 	55.1676 	57.1597 	50.2955 	31.3968
0.0625 74.8471 	27.8165 	68.317 	32.3729 	60.2052 	57.1129 	13.5995 	58.4514 	32.4234 	48.1574
0.0625 44.7192 	23.2994 	76.8254 	43.4611 	52.6762 	86.3848 	50.0533 	77.7454 	63.5233 	45.5256
0.0625 62.4771 	26.1862 	63.3048 	29.1844 	45.3271 	24.796 	58.8521 	23.3566 	56.0347 	35.3457
0.0625 49.6637 	27.4848 	94.4061 	38.1806 	56.148 	42.4512 	38.2285 	71.4917 	60.2169 	54.8455
0.0625 70.4054 	5.4195 	72.9293 	22.8489 	38.5842 	44.4167 	62.9195 	70.0395 	51.5713 	85.4814	
4790	4790	4790	4790	4790	4790	4790	4790	4790	4790	
4790	4790	4790	4790	4790	4790	4790	4790	4790	4790	
4790	4790	4790	4790	4790	4790	4790	4790	4790	4790	
4790	4790	4790	4790	4790	4790	4790	4790	4790	4790	
4790	4790	4790	4790	4790	4790	4790	4790	4790	4790	
4790	4790	4790	4790	4790	4790	4790	4790	4790	4790	
4790	4790	4790	4790	4790	4790	4790	4790	4790	4790	
4790	4790	4790	4790	4790	4790	4790	4790	4790	4790	
4790	4790	4790	4790	4790	4790	4790	4790	4790	4790	
4790	4790	4790	4790	4790	4790	4790	4790	4790	4790	
4790	4790	4790	4790	4790	4790	4790	4790	4790	4790	
4790	4790	4790	4790	4790	4790	4790	4790	4790	4790	
4790	4790	4790	4790	4790	4790	4790	4790	4790	4790	
4790	4790	4790	4790	4790	4790	4790	4790	4790	4790	
4790	4790	4790	4790	4790	4790	4790	4790	4790	4790	
4790	4790	4790	4790	4790	4790	4790	4790	4790	4790	
4790	4790	4790	4790	4790	4790	4790	4790	4790	4790	
4790	4790	4790	4790	4790	4790	4790	4790	4790	4790	
4790	4790	4790	4790	4790	4790	4790	4790	4790	4790	
4790	4790	4790	4790	4790	4790	4790	4790	4790	4790	
4790	4790	4790	4790	4790	4790	4790	4790	4790	4790	
4790	4790	4790	4790	4790	4790	4790	4790	4790	4790	
4790	4790	4790	4790	4790	4790	4790	4790	4790	4790	
4790	4790	4790	4790	4790	4790	4790	4790	4790	4790	
4790	4790	4790	4790	4790	4790	4790	4790	4790	4790	
4790	4790	4790	4790	4790	4790	4790	4790	4790	4790	
4790	4790	4790	4790	4790	4790	4790	4790	4790	4790	
4790	4790	4790	4790	4790	4790	4790	4790	4790	4790	
4790	4790	4790	4790	4790	4790	4790	4790	4790	4790	
4790	4790	4790	4790	4790	4790	4790	4790	4790	4790	
4790	4790	4790	4790	4790	4790	4790	4790	4790	4790	
4790	4790	4790	4790	4790	4790	4790	4790	4790	4790	
4790	4790	4790	4790	4790	4790	4790	4790	4790	4790	
4790	4790	4790	4790	4790	4790	4790	4790	4790	4790	
4790	4790	4790	4790	4790	4790	4790	4790	4790	4790	
4790	4790	4790	4790	4790	4790	4790	4790	4790	4790	
4790	4790	4790	4790	4790	4790	4790	4790	4790	4790	
4790	4790	4790	4790	4790	4790	4790	4790	4790	4790	
4790	4790	4790	4790	4790	4790	4790	4790	4790	4790	
4790	4790	4790	4790	4790	4790	4790	4790	4790	4790	
4790	4790	4790	4790	4790	4790	4790	4790	4790	4790	
4790	4790	4790	4790	4790	4790	4790	4790	4790	4790	
4790	4790	4790	4790	4790	4790	4790	4790	4790	4790	
4790	4790	4790	4790	4790	4790	4790	4790	4790	4790	
4790	4790	4790	4790	4790	4790	4790	4790	4790	4790	
4790	4790	4790	4790	4790	4790	4790	4790	4790	4790	
4790	4790	4790	4790	4790	4790	4790	4790	4790	4790	
4790	4790	4790	4790	4790	4790	4790	4790	4790	4790	
4790	4790	4790	4790	4790	4790	4790	4790	4790	4790	
4790	4790	4790	4790	4790	4790	4790	4790	4790	4790	
4790	4790	4790	4790	4790	4790	4790	4790	4790	4790	
4790	4790	4790	4790	4790	4790	4790	4790	4790	4790	
4790	4790	4790	4790	4790	4790	4790	4790	4790	4790	
4790	4790	4790	4790	4790	4790	4790	4790	4790	4790	
4790	4790	4790	4790	4790	4790	4790	4790	4790	4790	
4790	4790	4790	4790	4790	4790	4790	4790	4790	4790	
4790	4790	4790	4790	4790	4790	4790	4790	4790	4790	
4790	4790	4790	4790	4790	4790	4790	4790	4790	4790	
4790	4790	4790	4790	4790	4790	4790	4790	4790	4790	
4790	4790	4790	4790	4790	4790	4790	4790	4790	4790	
4790	4790	4790	4790	4790	4790	4790	4790	4790	4790	
4790	4790	4790	4790	4790	4790	4790	4790	4790	4790	
4790	4790	4790	4790	4790	4790	4790	4790	4790	4790	
4790	4790	4790	4790	4790	4790	4790	4790	4790	4790	
4790	4790	4790	4790	4790	4790	4790	4790	4790	4790	
4790	4790	4790	4790	4790	4790	4790	4790	4790	4790	
4790	4790	4790	4790	4790	4790	4790	4790	4790	4790	
4790	4790	4790	4790	4790	4790	4790	4790	4790	4790	
4790	4790	4790	4790	4790	4790	4790	4790	4790	4790	
4790	4790	4790	4790	4790	4790	4790	4790	4790	4790	
4790	4790	4790	4790	4790	4790	4790	4790	4790	4790	
4790	4790	4790	4790	4790	4790	4790	4790	4790	4790	
4790	4790	4790	4790	4790	4790	4790	4790	4790	4790	
4790	4790	4790	4790	4790	4790	4790	4790	4790	4790	
4790	4790	4790	4790	4790	4790	4790	4790	4790	4790	
4790	4790	4790	4790	4790	4790	4790	4790	4790	4790	
4790	4790	4790	4790	4790	4790	4790	4790	4790	4790	
4790	4790	4790	4790	4790	4790	4790	4790	4790	4790	
4790	4790	4790	4790	4790	4790	4790	4790	4790	4790	
4790	4790	4790	4790	4790	4790	4790	4790	4790	4790	
4790	4790	4790	4790	4790	4790	4790	4790	4790	4790	
4790	4790	4790	4790	4790	4790	4790	4790	4790	4790	
0.5	0.5		
1	2
0.8	

