10	
82	
10	
2	
16
0	1	2	3	4	5	6	7	8	9	2	6	9	1	5	0	5	2	7	1	4	8	6	2	4	0	0	3	1	4	3	1	7	7	2	7	8	7	1	3	9	3	6	7	4	7	0	2	8	5	0	0	5	8	9	0	3	6	0	3	9	9	8	7	1	4	5	6	3	9	9	3	8	6	8	5	9	2	6	1	6	1	
1	2	3	4	5	6	7	8	9	0	1	0	5	3	9	9	7	0	2	6	1	5	8	6	7	7	6	2	8	2	9	7	6	1	9	5	1	3	9	7	3	6	1	4	9	0	3	8	6	0	8	4	2	2	8	2	1	2	5	5	6	4	7	9	0	0	4	9	0	7	1	8	4	4	3	3	2	7	3	4	5	5	
100	100	100	100	100	100	100	100	100	100	27	96	48	13	41	54	73	76	41	92	34	50	22	11	72	45	18	95	13	59	50	93	78	30	25	42	35	63	66	12	97	15	59	54	32	97	13	31	34	33	73	57	36	47	70	65	20	38	61	23	98	27	39	91	78	99	42	70	47	10	65	77	80	11	49	65	81	96	74	16	97	44	
613	613	613	613	613	613	613	613	613	613	229	171	135	171	87	70	150	111	116	99	63	208	191	123	200	131	193	200	186	239	155	167	116	174	111	227	212	34	159	114	34	140	193	232	99	191	90	200	90	135	236	171	41	80	222	90	106	164	46	73	203	171	51	133	184	186	239	193	68	32	70	114	126	186	186	222	138	53	176	186	123	188	
3005	3005	3005	3005	3005	3005	3005	3005	3005	3005	2795	1443	1893	2224	1533	1232	1984	722	1713	1713	631	1503	2885	1202	2705	1893	1863	541	902	2645	1623	1833	1803	1293	2615	1713	2464	1142	2585	1473	2705	2705	451	1443	2915	1232	1232	361	1082	451	2074	2104	872	2044	992	2585	2164	1803	391	2404	2104	2164	2104	1563	2765	2554	1833	451	1803	541	2224	2675	1773	421	481	872	1533	2014	2494	2104	1353	782	
4	8	2	4	9	3	7	4	5	7	
3	6	1	8	2	0	8	2	8	6	
0.0625 55.9118 	12.2936 	14.9734 	21.0153 	59.2569 	52.1953 	46.4492 	67.5731 	29.3385 	48.977
0.0625 6.00814 	14.7788 	82.1778 	35.6753 	35.8634 	37.7016 	39.7662 	61.6987 	54.3014 	50.8648
0.0625 29.4837 	2.82168 	43.0062 	41.6901 	20.4529 	66.8506 	50.747 	38.7563 	52.1774 	25.0579
0.0625 42.5831 	26.8027 	65.1989 	39.9951 	26.679 	45.6983 	34.0863 	85.1488 	47.9901 	81.7112
0.0625 31.0737 	35.9351 	57.135 	32.8115 	49.5742 	84.7986 	37.6728 	56.4302 	45.5042 	83.2026
0.0625 16.2584 	37.8082 	52.675 	24.1113 	61.8714 	56.4888 	32.8374 	58.9001 	21.8262 	53.7701
0.0625 32.5762 	29.6552 	28.9183 	14.5742 	33.0159 	55.461 	36.5597 	11.5947 	50.1315 	70.9119
0.0625 35.3688 	29.2807 	24.0202 	19.2679 	30.3662 	27.6045 	31.395 	59.1516 	50.8575 	62.5575
0.0625 85.9941 	23.6822 	31.8141 	22.1559 	21.8284 	88.8723 	41.8443 	52.712 	67.825 	65.2358
0.0625 56.7582 	19.7764 	50.2001 	34.9379 	44.8243 	73.9086 	15.5771 	40.8647 	58.3683 	37.7872
0.0625 39.1535 	32.6095 	72.6501 	6.20589 	28.3848 	97.2138 	55.1676 	57.1597 	50.2955 	31.3968
0.0625 74.8471 	27.8165 	68.317 	32.3729 	60.2052 	57.1129 	13.5995 	58.4514 	32.4234 	48.1574
0.0625 44.7192 	23.2994 	76.8254 	43.4611 	52.6762 	86.3848 	50.0533 	77.7454 	63.5233 	45.5256
0.0625 62.4771 	26.1862 	63.3048 	29.1844 	45.3271 	24.796 	58.8521 	23.3566 	56.0347 	35.3457
0.0625 49.6637 	27.4848 	94.4061 	38.1806 	56.148 	42.4512 	38.2285 	71.4917 	60.2169 	54.8455
0.0625 70.4054 	5.4195 	72.9293 	22.8489 	38.5842 	44.4167 	62.9195 	70.0395 	51.5713 	85.4814	
4790	4790	4790	4790	4790	4790	4790	4790	4790	4790	
4790	4790	4790	4790	4790	4790	4790	4790	4790	4790	
4790	4790	4790	4790	4790	4790	4790	4790	4790	4790	
4790	4790	4790	4790	4790	4790	4790	4790	4790	4790	
4790	4790	4790	4790	4790	4790	4790	4790	4790	4790	
4790	4790	4790	4790	4790	4790	4790	4790	4790	4790	
4790	4790	4790	4790	4790	4790	4790	4790	4790	4790	
4790	4790	4790	4790	4790	4790	4790	4790	4790	4790	
4790	4790	4790	4790	4790	4790	4790	4790	4790	4790	
4790	4790	4790	4790	4790	4790	4790	4790	4790	4790	
4790	4790	4790	4790	4790	4790	4790	4790	4790	4790	
4790	4790	4790	4790	4790	4790	4790	4790	4790	4790	
4790	4790	4790	4790	4790	4790	4790	4790	4790	4790	
4790	4790	4790	4790	4790	4790	4790	4790	4790	4790	
4790	4790	4790	4790	4790	4790	4790	4790	4790	4790	
4790	4790	4790	4790	4790	4790	4790	4790	4790	4790	
4790	4790	4790	4790	4790	4790	4790	4790	4790	4790	
4790	4790	4790	4790	4790	4790	4790	4790	4790	4790	
4790	4790	4790	4790	4790	4790	4790	4790	4790	4790	
4790	4790	4790	4790	4790	4790	4790	4790	4790	4790	
4790	4790	4790	4790	4790	4790	4790	4790	4790	4790	
4790	4790	4790	4790	4790	4790	4790	4790	4790	4790	
4790	4790	4790	4790	4790	4790	4790	4790	4790	4790	
4790	4790	4790	4790	4790	4790	4790	4790	4790	4790	
4790	4790	4790	4790	4790	4790	4790	4790	4790	4790	
4790	4790	4790	4790	4790	4790	4790	4790	4790	4790	
4790	4790	4790	4790	4790	4790	4790	4790	4790	4790	
4790	4790	4790	4790	4790	4790	4790	4790	4790	4790	
4790	4790	4790	4790	4790	4790	4790	4790	4790	4790	
4790	4790	4790	4790	4790	4790	4790	4790	4790	4790	
4790	4790	4790	4790	4790	4790	4790	4790	4790	4790	
4790	4790	4790	4790	4790	4790	4790	4790	4790	4790	
4790	4790	4790	4790	4790	4790	4790	4790	4790	4790	
4790	4790	4790	4790	4790	4790	4790	4790	4790	4790	
4790	4790	4790	4790	4790	4790	4790	4790	4790	4790	
4790	4790	4790	4790	4790	4790	4790	4790	4790	4790	
4790	4790	4790	4790	4790	4790	4790	4790	4790	4790	
4790	4790	4790	4790	4790	4790	4790	4790	4790	4790	
4790	4790	4790	4790	4790	4790	4790	4790	4790	4790	
4790	4790	4790	4790	4790	4790	4790	4790	4790	4790	
4790	4790	4790	4790	4790	4790	4790	4790	4790	4790	
4790	4790	4790	4790	4790	4790	4790	4790	4790	4790	
4790	4790	4790	4790	4790	4790	4790	4790	4790	4790	
4790	4790	4790	4790	4790	4790	4790	4790	4790	4790	
4790	4790	4790	4790	4790	4790	4790	4790	4790	4790	
4790	4790	4790	4790	4790	4790	4790	4790	4790	4790	
4790	4790	4790	4790	4790	4790	4790	4790	4790	4790	
4790	4790	4790	4790	4790	4790	4790	4790	4790	4790	
4790	4790	4790	4790	4790	4790	4790	4790	4790	4790	
4790	4790	4790	4790	4790	4790	4790	4790	4790	4790	
4790	4790	4790	4790	4790	4790	4790	4790	4790	4790	
4790	4790	4790	4790	4790	4790	4790	4790	4790	4790	
4790	4790	4790	4790	4790	4790	4790	4790	4790	4790	
4790	4790	4790	4790	4790	4790	4790	4790	4790	4790	
4790	4790	4790	4790	4790	4790	4790	4790	4790	4790	
4790	4790	4790	4790	4790	4790	4790	4790	4790	4790	
4790	4790	4790	4790	4790	4790	4790	4790	4790	4790	
4790	4790	4790	4790	4790	4790	4790	4790	4790	4790	
4790	4790	4790	4790	4790	4790	4790	4790	4790	4790	
4790	4790	4790	4790	4790	4790	4790	4790	4790	4790	
4790	4790	4790	4790	4790	4790	4790	4790	4790	4790	
4790	4790	4790	4790	4790	4790	4790	4790	4790	4790	
4790	4790	4790	4790	4790	4790	4790	4790	4790	4790	
4790	4790	4790	4790	4790	4790	4790	4790	4790	4790	
4790	4790	4790	4790	4790	4790	4790	4790	4790	4790	
4790	4790	4790	4790	4790	4790	4790	4790	4790	4790	
4790	4790	4790	4790	4790	4790	4790	4790	4790	4790	
4790	4790	4790	4790	4790	4790	4790	4790	4790	4790	
4790	4790	4790	4790	4790	4790	4790	4790	4790	4790	
4790	4790	4790	4790	4790	4790	4790	4790	4790	4790	
4790	4790	4790	4790	4790	4790	4790	4790	4790	4790	
4790	4790	4790	4790	4790	4790	4790	4790	4790	4790	
4790	4790	4790	4790	4790	4790	4790	4790	4790	4790	
4790	4790	4790	4790	4790	4790	4790	4790	4790	4790	
4790	4790	4790	4790	4790	4790	4790	4790	4790	4790	
4790	4790	4790	4790	4790	4790	4790	4790	4790	4790	
4790	4790	4790	4790	4790	4790	4790	4790	4790	4790	
4790	4790	4790	4790	4790	4790	4790	4790	4790	4790	
4790	4790	4790	4790	4790	4790	4790	4790	4790	4790	
4790	4790	4790	4790	4790	4790	4790	4790	4790	4790	
4790	4790	4790	4790	4790	4790	4790	4790	4790	4790	
4790	4790	4790	4790	4790	4790	4790	4790	4790	4790	
0.5	0.5		
1	2
0.8	

